# ------------------------------------------------------------------------
# Radiance spectrum
# NASA-GSFC Planetary Spectrum Generator (PSG) (Villanueva et al. 2018)
# Synthesized on Sun Jan 24 21:21:14 2021
# 3D Spectroscopic simulation - Spatial binning of 13 (8 total calculations)
# Doppler velocities [km/s] (vobs,vrot+vorb,vwidth,vrfl,vstr): 0.00000,-0.00000,0.01000,0.00000,0.00000
# Spectral unit: Wavelength [um]
# Radiance unit: Contrast [ppm]
# Wave/freq Total Noise Stellar Exoplanet Transit Planet
2.000000000e-01  1.7037369e+01  4.17693e+02  9.99156e+05  1.70374e+01  1.70374e+01 -8.43936e+02
2.016666667e-01  1.7015112e+01  3.88100e+02  9.99156e+05  1.70151e+01  1.70151e+01 -8.43936e+02
2.033472222e-01  1.6988368e+01  3.59378e+02  9.99156e+05  1.69884e+01  1.69884e+01 -8.43936e+02
2.050417824e-01  1.6975750e+01  3.33027e+02  9.99156e+05  1.69757e+01  1.69774e+01 -8.43936e+02
2.067504639e-01  1.6996942e+01  3.08835e+02  9.99156e+05  1.69969e+01  1.69984e+01 -8.43936e+02
2.084733845e-01  1.7031136e+01  2.86608e+02  9.99156e+05  1.70311e+01  1.70311e+01 -8.43936e+02
2.102106627e-01  1.7059519e+01  2.66172e+02  9.99156e+05  1.70595e+01  1.70595e+01 -8.43936e+02
2.119624182e-01  1.7094602e+01  2.47370e+02  9.99156e+05  1.70946e+01  1.70946e+01 -8.43936e+02
2.137287717e-01  1.7225856e+01  2.30059e+02  9.99156e+05  1.72259e+01  1.72268e+01 -8.43936e+02
2.155098448e-01  1.7411217e+01  2.14110e+02  9.99156e+05  1.74112e+01  1.74112e+01 -8.43936e+02
2.173057601e-01  1.7627810e+01  1.99405e+02  9.99156e+05  1.76278e+01  1.76278e+01 -8.43936e+02
2.191166415e-01  1.7858720e+01  1.85839e+02  9.99156e+05  1.78587e+01  1.78587e+01 -8.43936e+02
2.209426135e-01  1.8089322e+01  1.73314e+02  9.99156e+05  1.80893e+01  1.80953e+01 -8.43936e+02
2.227838019e-01  1.8324630e+01  1.61743e+02  9.99156e+05  1.83246e+01  1.83246e+01 -8.43935e+02
2.246403336e-01  1.8555785e+01  1.51047e+02  9.99156e+05  1.85558e+01  1.85558e+01 -8.43935e+02
2.265123364e-01  1.8774392e+01  1.41152e+02  9.99156e+05  1.87744e+01  1.87744e+01 -8.43935e+02
2.283999392e-01  1.8988179e+01  1.31993e+02  9.99156e+05  1.89882e+01  1.89882e+01 -8.43935e+02
2.303032720e-01  1.9188607e+01  1.23509e+02  9.99156e+05  1.91886e+01  1.91886e+01 -8.43935e+02
2.322224660e-01  1.9377012e+01  1.15646e+02  9.99156e+05  1.93770e+01  1.93770e+01 -8.43935e+02
2.341576532e-01  1.9551652e+01  1.08354e+02  9.99156e+05  1.95517e+01  1.95517e+01 -8.43935e+02
2.361089670e-01  1.9708925e+01  1.01586e+02  9.99156e+05  1.97089e+01  1.97089e+01 -8.43935e+02
2.380765417e-01  1.9851587e+01  9.53022e+01  9.99156e+05  1.98516e+01  1.98540e+01 -8.43935e+02
2.400605129e-01  1.9986229e+01  8.94631e+01  9.99156e+05  1.99862e+01  1.99862e+01 -8.43935e+02
2.420610171e-01  2.0095332e+01  8.40344e+01  9.99156e+05  2.00953e+01  2.00953e+01 -8.43935e+02
2.440781923e-01  2.0189819e+01  7.89840e+01  9.99156e+05  2.01898e+01  2.01898e+01 -8.43935e+02
2.461121772e-01  2.0269566e+01  7.42829e+01  9.99156e+05  2.02696e+01  2.02696e+01 -8.43935e+02
2.481631120e-01  2.0330783e+01  6.99042e+01  9.99156e+05  2.03308e+01  2.03308e+01 -8.43935e+02
2.502311380e-01  2.0369262e+01  6.58234e+01  9.99156e+05  2.03693e+01  2.03693e+01 -8.43935e+02
2.523163974e-01  2.0405732e+01  6.20180e+01  9.99156e+05  2.04057e+01  2.04057e+01 -8.43935e+02
2.544190341e-01  2.0414395e+01  5.84674e+01  9.99156e+05  2.04144e+01  2.04144e+01 -8.43935e+02
2.565391927e-01  2.0398907e+01  5.51526e+01  9.99156e+05  2.03989e+01  2.03989e+01 -8.43935e+02
2.586770193e-01  2.0382448e+01  5.20562e+01  9.99156e+05  2.03824e+01  2.03824e+01 -8.43935e+02
2.608326611e-01  2.0325937e+01  4.91622e+01  9.99156e+05  2.03259e+01  2.03259e+01 -8.43935e+02
2.630062666e-01  2.0260319e+01  4.64558e+01  9.99156e+05  2.02603e+01  2.02603e+01 -8.43935e+02
2.651979855e-01  2.0183697e+01  4.39235e+01  9.99156e+05  2.01837e+01  2.01837e+01 -8.43935e+02
2.674079687e-01  2.0058707e+01  4.15527e+01  9.99156e+05  2.00587e+01  2.00587e+01 -8.43935e+02
2.696363685e-01  1.9927409e+01  3.93319e+01  9.99156e+05  1.99274e+01  1.99274e+01 -8.43935e+02
2.718833382e-01  1.9756439e+01  3.72506e+01  9.99156e+05  1.97564e+01  1.97564e+01 -8.43935e+02
2.741490327e-01  1.9556400e+01  3.52989e+01  9.99156e+05  1.95564e+01  1.95564e+01 -8.43935e+02
2.764336080e-01  1.9340874e+01  3.34678e+01  9.99156e+05  1.93409e+01  1.93409e+01 -8.43935e+02
2.787372214e-01  1.9084922e+01  3.17489e+01  9.99156e+05  1.90849e+01  1.90849e+01 -8.43935e+02
2.810600316e-01  1.8775905e+01  3.01345e+01  9.99156e+05  1.87759e+01  1.87759e+01 -8.43935e+02
2.834021985e-01  1.8472116e+01  2.86175e+01  9.99156e+05  1.84721e+01  1.84721e+01 -8.43935e+02
2.857638835e-01  1.8103662e+01  2.71912e+01  9.99156e+05  1.81037e+01  1.81037e+01 -8.43935e+02
2.881452492e-01  1.7696865e+01  2.58497e+01  9.99156e+05  1.76969e+01  1.77007e+01 -8.43935e+02
2.905464596e-01  1.7266910e+01  2.45871e+01  9.99156e+05  1.72669e+01  1.72669e+01 -8.43935e+02
2.929676801e-01  1.6790754e+01  2.33982e+01  9.99156e+05  1.67908e+01  1.67908e+01 -8.43935e+02
2.954090774e-01  1.6278720e+01  2.22783e+01  9.99156e+05  1.62787e+01  1.62787e+01 -8.43935e+02
2.978708197e-01  1.5762201e+01  2.12228e+01  9.99156e+05  1.57622e+01  1.57622e+01 -8.43936e+02
3.003530766e-01  1.5220807e+01  2.02274e+01  9.99156e+05  1.52208e+01  1.52208e+01 -8.43936e+02
3.028560189e-01  1.4704024e+01  1.92884e+01  9.99156e+05  1.47040e+01  1.47040e+01 -8.43936e+02
3.053798190e-01  1.4215856e+01  1.84021e+01  9.99156e+05  1.42159e+01  1.42159e+01 -8.43936e+02
3.079246508e-01  1.3740876e+01  1.75652e+01  9.99156e+05  1.37409e+01  1.37409e+01 -8.43936e+02
3.104906896e-01  1.3275990e+01  1.67745e+01  9.99156e+05  1.32760e+01  1.32760e+01 -8.43936e+02
3.130781120e-01  1.2837771e+01  1.60271e+01  9.99156e+05  1.28378e+01  1.28378e+01 -8.43936e+02
3.156870963e-01  1.2371967e+01  1.53204e+01  9.99156e+05  1.23720e+01  1.23720e+01 -8.43936e+02
3.183178221e-01  1.1965061e+01  1.46518e+01  9.99156e+05  1.19651e+01  1.19669e+01 -8.43937e+02
3.209704706e-01  1.1535488e+01  1.40190e+01  9.99156e+05  1.15355e+01  1.15372e+01 -8.43937e+02
3.236452245e-01  1.1104787e+01  1.34198e+01  9.99156e+05  1.11048e+01  1.11081e+01 -8.43938e+02
3.263422681e-01  1.0763165e+01  1.28522e+01  9.99156e+05  1.07632e+01  1.07647e+01 -8.43938e+02
3.290617870e-01  1.0298396e+01  1.23142e+01  9.99156e+05  1.02984e+01  1.03014e+01 -8.43939e+02
3.318039685e-01  1.0027117e+01  1.18041e+01  9.99156e+05  1.00271e+01  1.00313e+01 -8.43939e+02
3.345690016e-01  9.7294791e+00  1.13203e+01  9.99156e+05  9.72948e+00  9.73348e+00 -8.43939e+02
3.373570766e-01  9.5746580e+00  1.08612e+01  9.99156e+05  9.57466e+00  9.57847e+00 -8.43939e+02
3.401683856e-01  9.3116103e+00  1.04254e+01  9.99156e+05  9.31161e+00  9.31524e+00 -8.43940e+02
3.430031221e-01  9.1759354e+00  1.00115e+01  9.99156e+05  9.17594e+00  9.18055e+00 -8.43940e+02
3.458614815e-01  9.0540485e+00  9.61816e+00  9.99156e+05  9.05405e+00  9.05845e+00 -8.43940e+02
3.487436605e-01  8.9541661e+00  9.24433e+00  9.99156e+05  8.95417e+00  8.95942e+00 -8.43940e+02
3.516498576e-01  8.9134484e+00  8.88885e+00  9.99156e+05  8.91345e+00  8.91747e+00 -8.43940e+02
3.545802731e-01  8.8186767e+00  8.55069e+00  9.99156e+05  8.81868e+00  8.82252e+00 -8.43940e+02
3.575351087e-01  8.7562735e+00  8.22888e+00  9.99156e+05  8.75627e+00  8.76087e+00 -8.43940e+02
3.605145680e-01  8.7037013e+00  7.92251e+00  9.99156e+05  8.70370e+00  8.70811e+00 -8.43940e+02
3.635188560e-01  8.6414712e+00  7.63072e+00  9.99156e+05  8.64147e+00  8.64147e+00 -8.43940e+02
3.665481798e-01  8.5811349e+00  7.35271e+00  9.99156e+05  8.58113e+00  8.58113e+00 -8.43940e+02
3.696027480e-01  8.5234641e+00  7.08774e+00  9.99156e+05  8.52346e+00  8.53126e+00 -8.43940e+02
3.726827709e-01  8.4671782e+00  6.83509e+00  9.99156e+05  8.46718e+00  8.46718e+00 -8.43940e+02
3.757884607e-01  8.4129185e+00  6.59410e+00  9.99156e+05  8.41292e+00  8.41292e+00 -8.43940e+02
3.789200312e-01  8.3559354e+00  6.36415e+00  9.99156e+05  8.35594e+00  8.35594e+00 -8.43940e+02
3.820776981e-01  8.2937301e+00  6.14465e+00  9.99156e+05  8.29373e+00  8.30042e+00 -8.43940e+02
3.852616789e-01  8.2385547e+00  5.93505e+00  9.99156e+05  8.23855e+00  8.24501e+00 -8.43940e+02
3.884721929e-01  8.1836808e+00  5.73484e+00  9.99156e+05  8.18368e+00  8.18368e+00 -8.43940e+02
3.917094612e-01  8.1245871e+00  5.54352e+00  9.99156e+05  8.12459e+00  8.13060e+00 -8.43940e+02
3.949737067e-01  8.0702092e+00  5.36064e+00  9.99156e+05  8.07021e+00  8.07021e+00 -8.43940e+02
3.982651542e-01  8.0125888e+00  5.18577e+00  9.99156e+05  8.01259e+00  8.01821e+00 -8.43940e+02
4.015840305e-01  7.9512755e+00  5.01849e+00  9.99156e+05  7.95128e+00  7.95672e+00 -8.43940e+02
4.049305641e-01  7.8974079e+00  4.85842e+00  9.99156e+05  7.89741e+00  7.90268e+00 -8.43940e+02
4.083049855e-01  7.8412004e+00  4.70520e+00  9.99156e+05  7.84120e+00  7.84632e+00 -8.43940e+02
4.117075270e-01  7.7847627e+00  4.55849e+00  9.99156e+05  7.78476e+00  7.78973e+00 -8.43940e+02
4.151384231e-01  7.7258758e+00  4.41796e+00  9.99156e+05  7.72588e+00  7.73070e+00 -8.43940e+02
4.185979100e-01  7.6725973e+00  4.28331e+00  9.99156e+05  7.67260e+00  7.67728e+00 -8.43940e+02
4.220862259e-01  7.6235698e+00  4.15426e+00  9.99156e+05  7.62357e+00  7.62812e+00 -8.43939e+02
4.256036111e-01  7.5780890e+00  4.03053e+00  9.99156e+05  7.57809e+00  7.58252e+00 -8.43939e+02
4.291503078e-01  7.5186990e+00  3.91186e+00  9.99156e+05  7.51870e+00  7.52302e+00 -8.43939e+02
4.327265604e-01  7.4721547e+00  3.79801e+00  9.99156e+05  7.47215e+00  7.47636e+00 -8.43939e+02
4.363326151e-01  7.4177371e+00  3.68876e+00  9.99156e+05  7.41774e+00  7.42184e+00 -8.43939e+02
4.399687202e-01  7.3970031e+00  3.58388e+00  9.99156e+05  7.39700e+00  7.40101e+00 -8.43939e+02
4.436351262e-01  7.3657065e+00  3.48317e+00  9.99156e+05  7.36571e+00  7.36961e+00 -8.43939e+02
4.473320856e-01  7.2952422e+00  3.38644e+00  9.99156e+05  7.29524e+00  7.29906e+00 -8.43939e+02
4.510598530e-01  7.2641370e+00  3.29350e+00  9.99156e+05  7.26414e+00  7.26787e+00 -8.43939e+02
4.548186851e-01  7.2199020e+00  3.20417e+00  9.99156e+05  7.21990e+00  7.22356e+00 -8.43939e+02
4.586088408e-01  7.2539200e+00  3.11830e+00  9.99156e+05  7.25392e+00  7.25750e+00 -8.43939e+02
4.624305811e-01  7.2573144e+00  3.03572e+00  9.99156e+05  7.25731e+00  7.26082e+00 -8.43939e+02
4.662841693e-01  7.1572021e+00  2.95628e+00  9.99156e+05  7.15720e+00  7.16064e+00 -8.43939e+02
4.701698707e-01  7.1556042e+00  2.87985e+00  9.99156e+05  7.15560e+00  7.15897e+00 -8.43939e+02
4.740879530e-01  7.1382399e+00  2.80629e+00  9.99156e+05  7.13824e+00  7.14155e+00 -8.43939e+02
4.780386859e-01  7.2457786e+00  2.73548e+00  9.99156e+05  7.24578e+00  7.24903e+00 -8.43939e+02
4.820223416e-01  7.3374329e+00  2.66729e+00  9.99156e+05  7.33743e+00  7.34063e+00 -8.43939e+02
4.860391945e-01  7.2344976e+00  2.60161e+00  9.99156e+05  7.23450e+00  7.23764e+00 -8.43939e+02
4.900895211e-01  7.2173985e+00  2.53833e+00  9.99156e+05  7.21740e+00  7.22049e+00 -8.43939e+02
4.941736004e-01  7.2289723e+00  2.47735e+00  9.99156e+05  7.22897e+00  7.23202e+00 -8.43939e+02
4.982917138e-01  7.3260960e+00  2.41856e+00  9.99156e+05  7.32610e+00  7.32909e+00 -8.43939e+02
5.024441447e-01  7.5679212e+00  2.36188e+00  9.99156e+05  7.56792e+00  7.57383e+00 -8.43938e+02
5.066311793e-01  7.6543058e+00  2.30722e+00  9.99156e+05  7.65431e+00  7.65722e+00 -8.43938e+02
5.108531058e-01  7.5653040e+00  2.25449e+00  9.99156e+05  7.56530e+00  7.56818e+00 -8.43938e+02
5.151102150e-01  7.5994139e+00  2.20361e+00  9.99156e+05  7.59941e+00  7.60226e+00 -8.43938e+02
5.194028001e-01  7.6691921e+00  2.15451e+00  9.99156e+05  7.66919e+00  7.67200e+00 -8.43938e+02
5.237311568e-01  7.8213943e+00  2.10711e+00  9.99156e+05  7.82139e+00  7.82417e+00 -8.43938e+02
5.280955831e-01  8.0617901e+00  2.06134e+00  9.99156e+05  8.06179e+00  8.06454e+00 -8.43938e+02
5.324963796e-01  8.2159759e+00  2.01714e+00  9.99156e+05  8.21598e+00  8.21870e+00 -8.43938e+02
5.369338494e-01  8.2182016e+00  1.97444e+00  9.99156e+05  8.21820e+00  8.22090e+00 -8.43938e+02
5.414082982e-01  8.2818856e+00  1.93319e+00  9.99156e+05  8.28189e+00  8.28456e+00 -8.43938e+02
5.459200340e-01  8.3871108e+00  1.89332e+00  9.99156e+05  8.38711e+00  8.38976e+00 -8.43938e+02
5.504693676e-01  8.4405534e+00  1.85478e+00  9.99156e+05  8.44055e+00  8.44318e+00 -8.43938e+02
5.550566123e-01  8.5179508e+00  1.81752e+00  9.99156e+05  8.51795e+00  8.52056e+00 -8.43938e+02
5.596820841e-01  8.6792005e+00  1.78149e+00  9.99156e+05  8.67920e+00  8.67920e+00 -8.43937e+02
5.643461015e-01  8.8534278e+00  1.74664e+00  9.99156e+05  8.85343e+00  8.85343e+00 -8.43937e+02
5.690489857e-01  8.9760804e+00  1.71292e+00  9.99156e+05  8.97608e+00  8.97864e+00 -8.43937e+02
5.737910605e-01  9.0545808e+00  1.68030e+00  9.99156e+05  9.05458e+00  9.05713e+00 -8.43937e+02
5.785726527e-01  8.9966054e+00  1.64873e+00  9.99156e+05  8.99661e+00  8.99914e+00 -8.43937e+02
5.833940915e-01  8.8745275e+00  1.61818e+00  9.99156e+05  8.87453e+00  8.87705e+00 -8.43937e+02
5.882557089e-01  8.8364770e+00  1.58859e+00  9.99156e+05  8.83648e+00  8.83899e+00 -8.43937e+02
5.931578398e-01  8.9301547e+00  1.55995e+00  9.99156e+05  8.93015e+00  8.93015e+00 -8.43937e+02
5.981008218e-01  9.0724471e+00  1.53220e+00  9.99156e+05  9.07245e+00  9.07495e+00 -8.43937e+02
6.030849953e-01  9.1084342e+00  1.50533e+00  9.99156e+05  9.10843e+00  9.11093e+00 -8.43937e+02
6.081107036e-01  8.9783190e+00  1.47929e+00  9.99156e+05  8.97832e+00  8.98081e+00 -8.43937e+02
6.131782928e-01  8.7682983e+00  1.45406e+00  9.99156e+05  8.76830e+00  8.77078e+00 -8.43937e+02
6.182881119e-01  8.5806150e+00  1.42961e+00  9.99156e+05  8.58061e+00  8.58061e+00 -8.43937e+02
6.234405129e-01  8.4346548e+00  1.40591e+00  9.99156e+05  8.43465e+00  8.43714e+00 -8.43937e+02
6.286358505e-01  8.3344112e+00  1.38294e+00  9.99156e+05  8.33441e+00  8.33689e+00 -8.43937e+02
6.338744826e-01  8.1069904e+00  1.36066e+00  9.99156e+05  8.10699e+00  8.10948e+00 -8.43937e+02
6.391567699e-01  7.8246058e+00  1.33906e+00  9.99156e+05  7.82461e+00  7.82709e+00 -8.43937e+02
6.444830763e-01  7.5715298e+00  1.31810e+00  9.99156e+05  7.57153e+00  7.57153e+00 -8.43937e+02
6.498537686e-01  7.4096145e+00  1.29778e+00  9.99156e+05  7.40961e+00  7.40961e+00 -8.43937e+02
6.552692167e-01  7.1755745e+00  1.27806e+00  9.99156e+05  7.17557e+00  7.17808e+00 -8.43937e+02
6.607297935e-01  6.9123977e+00  1.25893e+00  9.99156e+05  6.91240e+00  6.91240e+00 -8.43937e+02
6.662358751e-01  6.6403493e+00  1.24036e+00  9.99156e+05  6.64035e+00  6.64035e+00 -8.43937e+02
6.717878407e-01  6.3567411e+00  1.22235e+00  9.99156e+05  6.35674e+00  6.35927e+00 -8.43937e+02
6.773860727e-01  6.1016200e+00  1.20486e+00  9.99156e+05  6.10162e+00  6.10416e+00 -8.43937e+02
6.830309567e-01  5.9281670e+00  1.18788e+00  9.99156e+05  5.92817e+00  5.92817e+00 -8.43937e+02
6.887228813e-01  6.1804883e+00  1.17139e+00  9.99156e+05  6.18049e+00  6.18049e+00 -8.43937e+02
6.944622387e-01  5.7904049e+00  1.15539e+00  9.99156e+05  5.79040e+00  5.79040e+00 -8.43937e+02
7.002494240e-01  5.4254440e+00  1.13984e+00  9.99156e+05  5.42544e+00  5.42804e+00 -8.43937e+02
7.060848359e-01  5.2275974e+00  1.12475e+00  9.99156e+05  5.22760e+00  5.23021e+00 -8.43937e+02
7.119688762e-01  5.0530030e+00  1.11008e+00  9.99156e+05  5.05300e+00  5.05564e+00 -8.43937e+02
7.179019501e-01  5.2310985e+00  1.09584e+00  9.99156e+05  5.23110e+00  5.23110e+00 -8.43937e+02
7.238844664e-01  5.2327036e+00  1.08200e+00  9.99156e+05  5.23270e+00  5.23538e+00 -8.43937e+02
7.299168369e-01  5.1019842e+00  1.06856e+00  9.99156e+05  5.10198e+00  5.10198e+00 -8.43937e+02
7.359994772e-01  4.6475892e+00  1.05550e+00  9.99156e+05  4.64759e+00  4.65031e+00 -8.43937e+02
7.421328062e-01  4.3976938e+00  1.04281e+00  9.99156e+05  4.39769e+00  4.40044e+00 -8.43937e+02
7.483172463e-01  4.2628599e+00  1.03047e+00  9.99156e+05  4.26286e+00  4.26563e+00 -8.43937e+02
7.545532233e-01  4.0693342e+00  1.01849e+00  9.99156e+05  4.06933e+00  4.06933e+00 -8.43937e+02
7.608411668e-01  5.4046191e+00  1.00684e+00  9.99156e+05  5.40462e+00  5.40462e+00 -8.43936e+02
7.671815099e-01  5.5758702e+00  9.95513e-01  9.99156e+05  5.57587e+00  5.57587e+00 -8.43936e+02
7.735746892e-01  3.8549239e+00  9.84507e-01  9.99156e+05  3.85492e+00  3.85781e+00 -8.43937e+02
7.800211449e-01  3.8045478e+00  9.73808e-01  9.99156e+05  3.80455e+00  3.80747e+00 -8.43937e+02
7.865213211e-01  3.6946498e+00  9.63408e-01  9.99156e+05  3.69465e+00  3.69760e+00 -8.43937e+02
7.930756654e-01  3.7133544e+00  9.53297e-01  9.99156e+05  3.71335e+00  3.71634e+00 -8.43937e+02
7.996846293e-01  3.7101051e+00  9.43468e-01  9.99156e+05  3.71011e+00  3.71011e+00 -8.43937e+02
8.063486679e-01  3.6893104e+00  9.33912e-01  9.99156e+05  3.68931e+00  3.68931e+00 -8.43937e+02
8.130682401e-01  3.9912140e+00  9.24621e-01  9.99156e+05  3.99121e+00  3.99121e+00 -8.43936e+02
8.198438088e-01  4.2945178e+00  9.15589e-01  9.99156e+05  4.29452e+00  4.29452e+00 -8.43936e+02
8.266758405e-01  4.0719779e+00  9.06807e-01  9.99156e+05  4.07198e+00  4.07198e+00 -8.43936e+02
8.335648059e-01  3.7476629e+00  8.98269e-01  9.99156e+05  3.74766e+00  3.74766e+00 -8.43936e+02
8.405111793e-01  3.3726175e+00  8.89968e-01  9.99156e+05  3.37262e+00  3.37590e+00 -8.43936e+02
8.475154391e-01  3.1612593e+00  8.81898e-01  9.99156e+05  3.16126e+00  3.16460e+00 -8.43936e+02
8.545780677e-01  3.1856043e+00  8.74051e-01  9.99156e+05  3.18560e+00  3.18560e+00 -8.43936e+02
8.616995516e-01  2.9616100e+00  8.66423e-01  9.99156e+05  2.96161e+00  2.96505e+00 -8.43936e+02
8.688803812e-01  2.7892232e+00  8.59008e-01  9.99156e+05  2.78922e+00  2.78922e+00 -8.43936e+02
8.761210511e-01  2.7217193e+00  8.51798e-01  9.99156e+05  2.72172e+00  2.72172e+00 -8.43936e+02
8.834220598e-01  2.7693007e+00  8.44790e-01  9.99156e+05  2.76930e+00  2.76930e+00 -8.43936e+02
8.907839103e-01  2.8733742e+00  8.37978e-01  9.99156e+05  2.87337e+00  2.87337e+00 -8.43936e+02
8.982071096e-01  3.6860847e+00  8.31357e-01  9.99156e+05  3.68608e+00  3.68608e+00 -8.43936e+02
9.056921688e-01  3.8580477e+00  8.24922e-01  9.99156e+05  3.85805e+00  3.85805e+00 -8.43936e+02
9.132396036e-01  4.0627401e+00  8.18668e-01  9.99156e+05  4.06274e+00  4.06274e+00 -8.43936e+02
9.208499336e-01  3.7919874e+00  8.12590e-01  9.99156e+05  3.79199e+00  3.79199e+00 -8.43936e+02
9.285236831e-01  3.9960401e+00  8.06685e-01  9.99156e+05  3.99604e+00  3.99604e+00 -8.43936e+02
9.362613804e-01  5.3211646e+00  8.00948e-01  9.99156e+05  5.32116e+00  5.32116e+00 -8.43936e+02
9.440635586e-01  5.0419006e+00  7.95375e-01  9.99156e+05  5.04190e+00  5.04190e+00 -8.43936e+02
9.519307549e-01  5.0240120e+00  7.89961e-01  9.99156e+05  5.02401e+00  5.02401e+00 -8.43936e+02
9.598635112e-01  4.6631754e+00  7.84704e-01  9.99156e+05  4.66318e+00  4.66752e+00 -8.43936e+02
9.678623738e-01  4.1044641e+00  7.79599e-01  9.99156e+05  4.10446e+00  4.10446e+00 -8.43936e+02
9.759278936e-01  3.6912277e+00  7.74642e-01  9.99156e+05  3.69123e+00  3.69123e+00 -8.43936e+02
9.840606260e-01  3.2601950e+00  7.69831e-01  9.99156e+05  3.26019e+00  3.26019e+00 -8.43936e+02
9.922611312e-01  2.6440515e+00  7.65161e-01  9.99156e+05  2.64405e+00  2.64405e+00 -8.43936e+02
1.000529974e+00  2.3944009e+00  7.60629e-01  9.99156e+05  2.39440e+00  2.39440e+00 -8.43936e+02
1.008867724e+00  2.4220775e+00  7.56233e-01  9.99156e+05  2.42208e+00  2.42208e+00 -8.43936e+02
1.017274955e+00  2.3028535e+00  7.51969e-01  9.99156e+05  2.30285e+00  2.30789e+00 -8.43936e+02
1.025752246e+00  2.2645114e+00  7.47835e-01  9.99156e+05  2.26451e+00  2.26451e+00 -8.43936e+02
1.034300181e+00  2.1455734e+00  7.43826e-01  9.99156e+05  2.14557e+00  2.15084e+00 -8.43936e+02
1.042919350e+00  2.2279594e+00  7.39942e-01  9.99156e+05  2.22796e+00  2.22796e+00 -8.43936e+02
1.051610344e+00  2.3961191e+00  7.36178e-01  9.99156e+05  2.39612e+00  2.39612e+00 -8.43936e+02
1.060373764e+00  2.5971834e+00  7.32532e-01  9.99156e+05  2.59718e+00  2.59718e+00 -8.43936e+02
1.069210212e+00  2.6465918e+00  7.29002e-01  9.99156e+05  2.64659e+00  2.65237e+00 -8.43936e+02
1.078120297e+00  2.4666989e+00  7.25586e-01  9.99156e+05  2.46670e+00  2.46670e+00 -8.43936e+02
1.087104633e+00  2.5729340e+00  7.22281e-01  9.99156e+05  2.57293e+00  2.57293e+00 -8.43936e+02
1.096163838e+00  2.8372423e+00  7.19084e-01  9.99156e+05  2.83724e+00  2.83724e+00 -8.43936e+02
1.105298537e+00  3.5959586e+00  7.15994e-01  9.99156e+05  3.59596e+00  3.59596e+00 -8.43936e+02
1.114509358e+00  4.1498212e+00  7.13008e-01  9.99156e+05  4.14982e+00  4.14982e+00 -8.43936e+02
1.123796936e+00  5.3196622e+00  7.10124e-01  9.99156e+05  5.31966e+00  5.31966e+00 -8.43935e+02
1.133161910e+00  5.4461252e+00  7.07340e-01  9.99156e+05  5.44613e+00  5.44613e+00 -8.43935e+02
1.142604926e+00  4.8854748e+00  7.04655e-01  9.99156e+05  4.88547e+00  4.88547e+00 -8.43936e+02
1.152126634e+00  4.9949450e+00  7.02067e-01  9.99156e+05  4.99495e+00  4.99495e+00 -8.43935e+02
1.161727689e+00  4.0457963e+00  6.99573e-01  9.99156e+05  4.04580e+00  4.04580e+00 -8.43936e+02
1.171408753e+00  3.4415786e+00  6.97172e-01  9.99156e+05  3.44158e+00  3.44919e+00 -8.43936e+02
1.181170493e+00  3.3494475e+00  6.94862e-01  9.99156e+05  3.34945e+00  3.34945e+00 -8.43936e+02
1.191013580e+00  3.2478798e+00  6.92641e-01  9.99156e+05  3.24788e+00  3.24788e+00 -8.43936e+02
1.200938693e+00  3.2416971e+00  6.90508e-01  9.99156e+05  3.24170e+00  3.24170e+00 -8.43936e+02
1.210946516e+00  2.9597195e+00  6.88462e-01  9.99156e+05  2.95972e+00  2.96057e+00 -8.43936e+02
1.221037737e+00  2.7971238e+00  6.86500e-01  9.99156e+05  2.79712e+00  2.79712e+00 -8.43936e+02
1.231213051e+00  2.5331015e+00  6.84621e-01  9.99156e+05  2.53310e+00  2.53400e+00 -8.43936e+02
1.241473160e+00  2.3741161e+00  6.82825e-01  9.99156e+05  2.37412e+00  2.37412e+00 -8.43936e+02
1.251818770e+00  2.7376856e+00  6.81108e-01  9.99156e+05  2.73769e+00  2.73769e+00 -8.43936e+02
1.262250593e+00  3.6880157e+00  6.79470e-01  9.99156e+05  3.68802e+00  3.68899e+00 -8.43936e+02
1.272769348e+00  3.8673358e+00  6.77911e-01  9.99156e+05  3.86734e+00  3.86834e+00 -8.43936e+02
1.283375759e+00  2.6037138e+00  6.76428e-01  9.99156e+05  2.60371e+00  2.60371e+00 -8.43936e+02
1.294070557e+00  2.3986877e+00  6.75021e-01  9.99156e+05  2.39869e+00  2.39869e+00 -8.43936e+02
1.304854478e+00  2.7867213e+00  6.73687e-01  9.99156e+05  2.78672e+00  2.78672e+00 -8.43936e+02
1.315728266e+00  3.3768598e+00  6.72426e-01  9.99156e+05  3.37686e+00  3.37686e+00 -8.43936e+02
1.326692668e+00  3.8439629e+00  6.71238e-01  9.99156e+05  3.84396e+00  3.84396e+00 -8.43936e+02
1.337748440e+00  4.5058686e+00  6.70120e-01  9.99156e+05  4.50587e+00  4.50587e+00 -8.43935e+02
1.348896344e+00  5.1261728e+00  6.69071e-01  9.99156e+05  5.12617e+00  5.12617e+00 -8.43935e+02
1.360137147e+00  6.6418525e+00  6.68092e-01  9.99156e+05  6.64185e+00  6.64185e+00 -8.43935e+02
1.371471623e+00  6.8837054e+00  6.67180e-01  9.99156e+05  6.88371e+00  6.88371e+00 -8.43935e+02
1.382900553e+00  6.7776058e+00  6.66336e-01  9.99156e+05  6.77761e+00  6.77761e+00 -8.43935e+02
1.394424724e+00  6.4861164e+00  6.65557e-01  9.99156e+05  6.48612e+00  6.48612e+00 -8.43935e+02
1.406044930e+00  6.4830291e+00  6.64843e-01  9.99156e+05  6.48303e+00  6.48303e+00 -8.43935e+02
1.417761971e+00  5.9577307e+00  6.64194e-01  9.99156e+05  5.95773e+00  5.95773e+00 -8.43935e+02
1.429576655e+00  5.6834241e+00  6.63608e-01  9.99156e+05  5.68342e+00  5.68342e+00 -8.43935e+02
1.441489793e+00  5.5947273e+00  6.63085e-01  9.99156e+05  5.59473e+00  5.59473e+00 -8.43935e+02
1.453502208e+00  5.3772182e+00  6.62623e-01  9.99156e+05  5.37722e+00  5.37722e+00 -8.43935e+02
1.465614727e+00  4.9575246e+00  6.62222e-01  9.99156e+05  4.95752e+00  4.95752e+00 -8.43935e+02
1.477828183e+00  5.1066930e+00  6.61882e-01  9.99156e+05  5.10669e+00  5.10669e+00 -8.43935e+02
1.490143418e+00  4.4587168e+00  6.61601e-01  9.99156e+05  4.45872e+00  4.45872e+00 -8.43935e+02
1.502561279e+00  3.6313169e+00  6.61379e-01  9.99156e+05  3.63132e+00  3.63132e+00 -8.43935e+02
1.515082623e+00  2.8519192e+00  6.61215e-01  9.99156e+05  2.85192e+00  2.85192e+00 -8.43935e+02
1.527708312e+00  2.4190412e+00  6.61109e-01  9.99156e+05  2.41904e+00  2.42102e+00 -8.43936e+02
1.540439214e+00  2.2414205e+00  6.61059e-01  9.99156e+05  2.24142e+00  2.24142e+00 -8.43936e+02
1.553276208e+00  1.8877679e+00  6.61066e-01  9.99156e+05  1.88777e+00  1.88777e+00 -8.43936e+02
1.566220176e+00  2.0127858e+00  6.61129e-01  9.99156e+05  2.01279e+00  2.01279e+00 -8.43936e+02
1.579272011e+00  2.8075063e+00  6.61246e-01  9.99156e+05  2.80751e+00  2.80751e+00 -8.43935e+02
1.592432611e+00  1.8312933e+00  6.61419e-01  9.99156e+05  1.83129e+00  1.83129e+00 -8.43936e+02
1.605702883e+00  2.7228188e+00  6.61645e-01  9.99156e+05  2.72282e+00  2.72524e+00 -8.43935e+02
1.619083740e+00  2.1774458e+00  6.61925e-01  9.99156e+05  2.17745e+00  2.17745e+00 -8.43935e+02
1.632576105e+00  1.6624660e+00  6.62258e-01  9.99156e+05  1.66247e+00  1.66247e+00 -8.43935e+02
1.646180906e+00  1.8995331e+00  6.62644e-01  9.99156e+05  1.89953e+00  1.89953e+00 -8.43935e+02
1.659899080e+00  1.8268145e+00  6.63082e-01  9.99156e+05  1.82681e+00  1.82681e+00 -8.43935e+02
1.673731572e+00  1.7045143e+00  6.63572e-01  9.99156e+05  1.70451e+00  1.70451e+00 -8.43935e+02
1.687679335e+00  1.7096559e+00  6.64113e-01  9.99156e+05  1.70966e+00  1.70966e+00 -8.43935e+02
1.701743330e+00  1.8320331e+00  6.64705e-01  9.99156e+05  1.83203e+00  1.83203e+00 -8.43935e+02
1.715924524e+00  2.0302063e+00  6.65347e-01  9.99156e+05  2.03021e+00  2.03021e+00 -8.43935e+02
1.730223895e+00  2.2260274e+00  6.66039e-01  9.99156e+05  2.22603e+00  2.22603e+00 -8.43935e+02
1.744642428e+00  2.6718385e+00  6.66782e-01  9.99156e+05  2.67184e+00  2.67526e+00 -8.43935e+02
1.759181115e+00  2.7903384e+00  6.67573e-01  9.99156e+05  2.79034e+00  2.79034e+00 -8.43935e+02
1.773840957e+00  3.3159259e+00  6.68414e-01  9.99156e+05  3.31593e+00  3.31593e+00 -8.43935e+02
1.788622965e+00  3.9790859e+00  6.69303e-01  9.99156e+05  3.97909e+00  3.97909e+00 -8.43935e+02
1.803528157e+00  4.9615647e+00  6.70241e-01  9.99156e+05  4.96156e+00  4.96156e+00 -8.43935e+02
1.818557558e+00  5.7412068e+00  6.71227e-01  9.99156e+05  5.74121e+00  5.74121e+00 -8.43935e+02
1.833712204e+00  6.3958851e+00  6.72261e-01  9.99156e+05  6.39589e+00  6.39589e+00 -8.43935e+02
1.848993139e+00  6.7870911e+00  6.73342e-01  9.99156e+05  6.78709e+00  6.78709e+00 -8.43935e+02
1.864401415e+00  6.6648714e+00  6.74471e-01  9.99156e+05  6.66487e+00  6.66030e+00 -8.43935e+02
1.879938094e+00  6.8339852e+00  6.75647e-01  9.99156e+05  6.83399e+00  6.83399e+00 -8.43935e+02
1.895604245e+00  6.3639668e+00  6.76870e-01  9.99156e+05  6.36397e+00  6.36397e+00 -8.43935e+02
1.911400947e+00  6.7080309e+00  6.78139e-01  9.99156e+05  6.70803e+00  6.70803e+00 -8.43935e+02
1.927329288e+00  6.1427415e+00  6.79455e-01  9.99156e+05  6.14274e+00  6.14274e+00 -8.43935e+02
1.943390365e+00  5.6670884e+00  6.80817e-01  9.99156e+05  5.66709e+00  5.66709e+00 -8.43935e+02
1.959585285e+00  5.9992025e+00  6.82225e-01  9.99156e+05  5.99920e+00  5.99920e+00 -8.43935e+02
1.975915162e+00  4.8491100e+00  6.83679e-01  9.99156e+05  4.84911e+00  4.84911e+00 -8.43935e+02
1.992381122e+00  3.7518033e+00  6.85179e-01  9.99156e+05  3.75180e+00  3.75180e+00 -8.43935e+02
