age,lum
5.690793,0.171
5.703740,0.160
5.710236,0.155
5.723266,0.145
5.729803,0.140
5.742912,0.130
5.749487,0.125
5.762672,0.115
5.769283,0.110
5.782537,0.100
5.789181,0.095
5.802502,0.084
5.809178,0.079
5.822563,0.069
5.829268,0.064
5.842710,0.054
5.849444,0.049
5.862940,0.039
5.869700,0.034
5.883246,0.024
5.890031,0.019
5.903623,0.008
5.910427,0.003
5.924058,-0.007
5.930882,-0.012
5.944548,-0.022
5.951388,-0.027
5.965087,-0.037
5.971943,-0.043
5.985672,-0.053
5.992542,-0.058
5.999419,-0.063
6.013183,-0.073
6.020071,-0.078
6.033862,-0.089
6.040761,-0.094
6.054579,-0.104
6.061494,-0.109
6.075346,-0.120
6.082275,-0.125
6.089213,-0.130
6.103109,-0.140
6.110068,-0.145
6.124002,-0.156
6.130980,-0.161
6.144957,-0.171
6.151961,-0.177
6.165983,-0.187
6.173011,-0.192
6.180043,-0.197
6.194137,-0.208
6.201195,-0.213
6.215336,-0.223
6.222420,-0.229
6.229513,-0.234
6.243722,-0.244
6.250839,-0.250
6.265101,-0.260
6.272241,-0.265
6.279391,-0.271
6.293716,-0.281
6.300889,-0.287
6.315259,-0.297
6.322453,-0.303
6.329654,-0.308
6.344080,-0.319
6.351300,-0.324
6.365757,-0.334
6.372991,-0.340
6.380231,-0.345
6.394727,-0.356
6.401977,-0.361
6.409235,-0.367
6.423759,-0.377
6.431026,-0.383
6.445572,-0.393
6.452850,-0.399
6.460131,-0.404
6.474706,-0.415
6.481998,-0.420
6.489295,-0.426
6.503901,-0.437
6.511212,-0.442
6.525847,-0.453
6.533173,-0.458
6.540506,-0.464
6.555189,-0.475
6.562540,-0.480
6.569897,-0.486
6.584636,-0.496
6.591348,-0.501
6.602785,-0.508
6.612315,-0.515
6.620495,-0.521
6.630943,-0.528
6.639803,-0.534
6.649856,-0.541
6.660408,-0.548
6.669361,-0.554
6.679986,-0.561
6.689002,-0.567
6.699901,-0.575
6.709121,-0.581
6.719317,-0.588
6.729272,-0.595
6.739389,-0.602
6.749386,-0.609
6.759224,-0.616
6.769275,-0.623
6.779314,-0.630
6.789220,-0.637
6.799181,-0.644
6.809103,-0.651
6.819252,-0.658
6.829235,-0.665
6.839108,-0.672
6.849265,-0.679
6.861283,-0.687
6.873091,-0.696
6.885090,-0.704
6.892540,-0.709
6.900002,-0.715
6.914931,-0.725
6.922396,-0.730
6.929864,-0.735
6.944807,-0.746
6.952284,-0.751
6.959764,-0.756
6.974739,-0.767
6.982234,-0.772
6.989737,-0.777
7.004764,-0.788
7.012289,-0.793
7.019822,-0.798
7.034925,-0.809
7.042493,-0.814
7.050074,-0.819
7.065277,-0.830
7.072904,-0.835
7.080547,-0.840
7.095884,-0.851
7.103581,-0.856
7.111299,-0.862
7.119041,-0.867
7.134588,-0.877
7.142399,-0.883
7.150234,-0.888
7.165864,-0.898
7.173635,-0.904
7.181375,-0.909
7.189089,-0.914
7.204421,-0.924
7.212041,-0.929
7.219634,-0.934
7.234725,-0.943
7.242226,-0.948
7.249697,-0.952
7.264546,-0.962
7.271928,-0.966
7.279277,-0.971
7.293888,-0.979
7.301149,-0.984
7.315580,-0.992
7.322750,-0.996
7.329890,-1.000
7.344080,-1.008
7.351129,-1.012
7.365145,-1.020
7.372109,-1.024
7.379046,-1.027
7.392839,-1.034
7.399694,-1.038
7.413325,-1.045
7.420099,-1.048
7.433567,-1.055
7.440257,-1.058
7.453557,-1.064
7.460165,-1.067
7.473303,-1.072
7.479834,-1.075
7.492819,-1.081
7.499275,-1.083
7.512117,-1.088
7.524870,-1.093
7.531213,-1.095
7.543838,-1.100
7.550118,-1.102
7.562616,-1.106
7.575034,-1.110
7.581216,-1.112
7.593525,-1.115
7.599654,-1.117
7.611865,-1.120
7.624018,-1.122
7.630075,-1.124
7.642153,-1.126
7.654189,-1.128
7.660193,-1.129
7.672177,-1.130
7.684137,-1.131
7.690109,-1.131
7.702048,-1.131
7.713988,-1.131
7.719962,-1.131
7.731928,-1.131
7.743920,-1.130
7.749929,-1.129
7.761980,-1.128
7.774086,-1.126
7.780163,-1.126
7.792376,-1.123
7.804680,-1.120
7.810867,-1.118
7.823327,-1.114
7.829604,-1.113
7.842153,-1.109
7.854757,-1.105
7.861030,-1.103
7.873682,-1.099
7.880036,-1.097
7.892953,-1.093
7.899425,-1.091
7.912044,-1.088
7.919437,-1.086
7.935270,-1.084
7.941121,-1.083
7.952569,-1.083
7.963761,-1.083
7.969272,-1.084
7.980145,-1.086
7.990850,-1.089
8.001418,-1.093
8.011883,-1.098
8.022272,-1.104
8.032611,-1.111
8.042918,-1.119
8.053209,-1.126
8.063483,-1.134
8.073744,-1.142
8.084926,-1.150
8.092096,-1.154
8.100543,-1.159
8.110468,-1.163
8.122085,-1.167
8.135629,-1.169
8.151342,-1.171
8.169478,-1.171
8.190284,-1.171
8.214006,-1.170
8.240859,-1.170
8.271035,-1.170
8.304680,-1.170
8.341887,-1.170
8.382698,-1.170
8.427093,-1.170
8.474992,-1.170
8.518805,-1.170
8.558599,-1.170
8.595053,-1.170
8.628681,-1.170
8.659891,-1.169
8.689009,-1.169
8.716296,-1.169
8.741969,-1.168
8.766209,-1.168
8.789167,-1.167
8.810973,-1.167
8.831735,-1.167
8.851551,-1.167
8.870502,-1.166
8.888660,-1.166
8.906089,-1.166
8.922845,-1.166
8.938979,-1.166
8.954535,-1.166
8.969553,-1.165
8.984069,-1.165
8.998116,-1.165
9.011723,-1.165
9.024916,-1.165
9.037721,-1.165
9.050155,-1.164
9.062247,-1.164
9.074011,-1.164
9.085465,-1.164
9.096625,-1.164
9.107502,-1.163
9.118116,-1.163
9.128477,-1.163
9.138596,-1.163
9.148485,-1.163
9.158151,-1.163
9.167610,-1.162
9.176867,-1.162
9.185930,-1.162
9.194808,-1.162
9.203506,-1.162
9.212036,-1.162
9.220401,-1.161
9.228608,-1.161
9.236663,-1.161
9.244571,-1.161
9.252336,-1.161
9.259966,-1.161
9.267465,-1.160
9.274836,-1.160
9.282085,-1.160
9.289212,-1.160
9.296226,-1.160
9.303129,-1.160
9.309924,-1.159
9.316614,-1.159
9.323201,-1.159
9.329691,-1.159
9.336085,-1.159
9.342387,-1.159
9.348599,-1.158
9.354721,-1.158
9.360760,-1.158
9.366716,-1.158
9.372592,-1.158
9.378389,-1.158
9.384110,-1.158
9.389754,-1.157
9.395328,-1.157
9.400831,-1.157
9.406266,-1.157
9.411633,-1.157
9.416933,-1.157
9.422171,-1.156
9.427347,-1.156
9.432461,-1.156
9.437516,-1.156
9.442511,-1.156
9.447451,-1.156
9.452335,-1.155
9.457166,-1.155
9.461942,-1.155
9.466666,-1.155
9.471340,-1.155
9.475964,-1.155
9.480540,-1.155
9.485068,-1.154
9.489549,-1.154
9.493983,-1.154
9.498374,-1.154
9.502721,-1.154
9.507024,-1.154
9.511286,-1.153
9.515504,-1.153
9.519684,-1.153
9.523823,-1.153
9.527924,-1.153
9.531986,-1.153
9.536009,-1.153
9.539996,-1.152
9.543948,-1.152
9.547863,-1.152
9.551744,-1.152
9.555589,-1.152
9.559401,-1.152
9.563181,-1.151
9.566927,-1.151
9.570642,-1.151
9.574324,-1.151
9.577976,-1.151
9.581598,-1.151
9.585190,-1.151
9.588752,-1.150
9.592286,-1.150
9.595789,-1.150
9.599266,-1.150
9.602715,-1.150
9.606137,-1.150
9.609533,-1.149
9.612900,-1.149
9.616243,-1.149
9.619561,-1.149
9.622853,-1.149
9.626121,-1.149
9.629363,-1.149
9.632582,-1.148
9.635777,-1.148
9.638949,-1.148
9.642098,-1.148
9.645224,-1.148
9.648328,-1.148
9.651410,-1.148
9.654470,-1.147
9.657509,-1.147
9.660527,-1.147
9.663523,-1.147
9.666499,-1.147
9.669455,-1.147
9.672392,-1.147
9.675308,-1.146
9.678204,-1.146
9.681082,-1.146
9.683941,-1.146
9.686781,-1.146
9.689603,-1.146
9.700709,-1.145
9.711538,-1.144
9.719487,-1.144
9.729863,-1.143
9.739998,-1.143
9.749901,-1.142
9.759583,-1.142
9.769055,-1.141
9.780611,-1.140
9.789639,-1.140
9.800667,-1.139
9.809292,-1.138
9.819837,-1.138
9.830133,-1.137
9.840190,-1.136
9.850020,-1.136
9.859632,-1.135
9.869036,-1.134
9.880058,-1.133
9.889034,-1.133
9.899567,-1.132
9.909850,-1.131
9.919895,-1.130
9.929713,-1.129
9.939314,-1.128
9.950252,-1.127
9.959414,-1.126
9.969865,-1.125
9.980069,-1.124
9.990040,-1.123
9.999787,-1.122