# d	M_st	R_st	L_st	T_eff_st	SpT
13.779 0.89127600 0.91203136 0.66840900 5469.6313 G
17.990 1.36814000 1.28500386 2.99538000 6704.4496 F
21.648 1.38405000 1.29694460 3.11910000 6741.3827 F
17.565 0.89234400 0.91290555 0.67121800 5472.7466 G
3.563 0.39794500 0.47847411 0.03975410 3729.2254 M
8.535 1.07321000 1.05815130 1.28056000 5974.1822 G
7.459 1.44709000 1.34399123 3.64530000 6885.5315 F
11.137 0.84765300 0.87614197 0.56074300 5340.7973 K
22.030 1.00905000 1.00723347 1.03204000 5801.7823 G
27.247 1.57426000 1.43767648 4.89513000 7166.5946 F
14.994 0.98546800 0.98835741 0.95005500 5736.9695 G
7.435 0.70293700 0.75428092 0.29121100 4886.3858 K
23.230 1.51216000 1.39212488 4.25197000 7030.8983 F
5.838 1.05855000 1.04657198 1.22036000 5935.2608 G
15.880 1.18689000 1.14690746 1.82153000 6266.8206 G
18.801 1.44565000 1.34292120 3.63259000 6882.2620 F
15.177 1.22693000 1.17775736 2.04585000 6366.3850 F
25.593 1.47576000 1.36525127 3.90439000 6949.9931 F
21.056 0.99576500 0.99661056 0.98525500 5765.3647 G
13.410 1.43218000 1.33290158 3.51554000 6851.7473 F
8.188 0.73808000 0.78430097 0.34543200 5000.9399 K
17.344 1.14374000 1.11342725 1.60009000 6157.5443 G
7.605 0.80233000 0.83846015 0.46263200 5203.1946 K
3.603 0.81386600 0.84809075 0.48633400 5238.5955 K
10.043 0.84371900 0.87288748 0.55168700 5329.0086 K
25.928 1.14669000 1.11572412 1.61458000 6165.0819 G
10.787 0.77263900 0.81354448 0.40543200 5110.8275 K
11.008 1.06100000 1.04850935 1.23026000 5941.7646 G
23.006 1.31970000 1.24847593 2.64039000 6590.6660 F
12.834 0.79631200 0.83342516 0.45060100 5184.6220 K
7.235 0.68745600 0.74096198 0.26937500 4834.9694 K
21.925 1.21387000 1.16771738 1.97060000 6334.0738 G
17.327 1.18089000 1.14226680 1.78949000 6251.7400 G
11.149 1.28503000 1.22216717 2.40544000 6507.8224 F
14.135 1.33062000 1.25673363 2.71765000 6616.5124 F
21.207 0.97585900 0.98064012 0.91802400 5710.3279 G
10.509 1.26948000 1.21032134 2.30508000 6470.2867 F
13.950 1.58656000 1.44665576 5.03033000 7193.1462 F
12.039 0.93342800 0.94637805 0.78574800 5591.0176 G
12.046 1.00434000 1.00347050 1.01529000 5788.9206 G
9.146 0.96162100 0.96917712 0.87199300 5670.6004 G
6.004 0.88710800 0.90861771 0.65753400 5457.4696 G
3.203 0.73853700 0.78468944 0.34618100 5002.4099 K
13.963 1.39945000 1.30847645 3.24229000 6776.9203 F
9.073 1.42064000 1.32430260 3.41736000 6825.4523 F
13.955 0.71064400 0.76088965 0.30253900 4911.7570 K
17.638 1.60927000 1.46319811 5.28689000 7241.8724 F
18.771 1.23603000 1.18474043 2.09943000 6388.7532 F
23.549 1.09786000 1.07755034 1.38649000 6038.9686 G
21.315 1.28172000 1.21964806 2.38381000 6499.8452 F
5.036 0.78066100 0.82029485 0.42035700 5135.9637 K
20.364 1.63598000 1.48259453 5.60044000 7298.7201 F
13.241 0.99581300 0.99664900 0.98542200 5765.4978 G
8.042 1.35049000 1.27172468 2.86231000 6663.2328 F
8.848 0.72039200 0.76922804 0.31731500 4943.6471 K
11.625 1.12268000 1.09699536 1.49933000 6103.4344 G
25.121 1.55900000 1.42651680 4.73108000 7133.5218 F
3.933 0.33391300 0.41582123 0.02151380 3431.0600 M
20.965 1.42293000 1.32601009 3.43668000 6830.6766 F
14.585 1.18687000 1.14689200 1.82145000 6266.7940 G
26.877 1.19668000 1.15446940 1.87468000 6291.3369 G
5.700 0.45985000 0.53714675 0.06594110 3994.3392 M
18.280 1.14424000 1.11381664 1.60256000 6158.8424 G
8.880 1.28607000 1.22295840 2.41225000 6510.3165 F
15.255 0.95177300 0.96122864 0.84113700 5642.9435 G
14.508 1.63292000 1.48037563 5.56383000 7292.2218 F
10.215 0.96943200 0.97546992 0.89703800 5692.4357 G
18.645 0.94860200 0.95866579 0.83137100 5634.0082 G
16.733 0.91510900 0.93149014 0.73308500 5538.6232 G
20.881 1.36954000 1.28605570 3.00617000 6707.7345 F
19.534 1.37499000 1.29014829 3.04825000 6720.4011 F
23.890 1.05977000 1.04753682 1.22528000 5938.4972 G
18.205 1.19699000 1.15470865 1.87637000 6292.1024 G
16.648 1.20515000 1.16100178 1.92154000 6312.4548 G
17.470 1.08591000 1.06815694 1.33438000 6007.6513 G
18.360 0.87193700 0.89616522 0.61900900 5412.9319 G
14.673 0.80244000 0.83855211 0.46285300 5203.5306 K
18.951 1.08417000 1.06678748 1.32690000 6003.0638 G
17.053 1.12920000 1.10208907 1.53004000 6120.2578 G
17.053 0.83072600 0.86211707 0.52251900 5289.8672 K
20.858 1.63676000 1.48315999 5.60977000 7300.3659 F
16.867 1.12209000 1.09653413 1.49658000 6101.9167 G
3.803 0.26618400 0.34685308 0.00973057 3080.8046 M
18.047 1.64361000 1.48812365 5.69242000 7314.8781 F
21.770 0.97263700 0.97804904 0.90745900 5701.3645 G
14.100 0.69375100 0.74638499 0.27810800 4855.9509 K
22.473 1.55117000 1.42078223 4.64849000 7116.5021 F
18.256 1.33490000 1.25996647 2.74833000 6626.5899 F
17.150 0.88624700 0.90791214 0.65530200 5454.9507 G
16.199 1.08194000 1.06503172 1.31739000 5997.2159 G
19.980 1.50689000 1.38824220 4.20031000 7019.2399 F
22.645 1.31866000 1.24768877 2.63310000 6588.1894 F
12.564 0.87303400 0.89706709 0.62174100 5416.1699 G
18.227 1.29405000 1.22902536 2.46504000 6529.4701 F
26.813 1.42081000 1.32442937 3.41885000 6825.8694 F
21.988 1.06904000 1.05486083 1.26322000 5963.1335 G
12.182 0.77173300 0.81278121 0.40377100 5107.9815 K
26.280 1.30553000 1.23774017 2.54246000 6556.9392 F
14.451 1.00804000 1.00642685 1.02844000 5799.0386 G
11.186 0.71607800 0.76554066 0.31071500 4929.5672 K
12.590 0.89392300 0.91419763 0.67538300 5477.3419 G
16.850 0.99947600 0.99958078 0.99816900 5775.5645 G
26.191 1.57107000 1.43534542 4.86052000 7159.7002 F
19.041 1.08011000 1.06359035 1.30961000 5992.3982 G
20.607 1.51428000 1.39368604 4.27285000 7035.5703 F
19.659 1.35103000 1.27213146 2.86632000 6664.4995 F
6.334 0.49635300 0.57099528 0.08615260 4141.9343 K
17.764 1.46551000 1.35766002 3.81030000 6927.0233 F
12.783 0.67621400 0.73125244 0.25426900 4797.2468 K
13.902 1.85474000 1.63917919 8.68944000 7747.0632 A
11.204 0.94939400 0.95930606 0.83380200 5636.2404 G
14.822 1.21863000 1.17137916 1.99778000 6345.8607 G
18.904 1.35843000 1.27770270 2.92164000 6681.8102 F
11.285 0.60327700 0.66744182 0.17053300 4544.0988 K
14.926 1.10665000 1.08444675 1.42572000 6061.8727 G
4.869 0.52807600 0.60000814 0.10701300 4265.6275 K
22.442 1.06031000 1.04796381 1.22747000 5939.9385 G
22.332 1.21671000 1.16990248 1.98681000 6341.1295 G
20.250 0.93376700 0.94665300 0.78674800 5591.9834 G
16.143 1.61567000 1.46785153 5.36088000 7255.5498 F
22.924 1.06500000 1.05167049 1.24658000 5952.4062 G
7.033 0.35295700 0.43468779 0.02612330 3522.6594 M
12.914 1.16044000 1.12641429 1.68338000 6200.1020 G
22.730 1.41650000 1.32121429 3.38269000 6816.0267 F
26.821 1.58489000 1.44543744 5.01180000 7189.5408 F
13.802 1.15042000 1.11862659 1.63304000 6174.6025 G
6.751 0.32299200 0.40490525 0.01915010 3377.2905 M
2.547 0.34536100 0.42718760 0.02420790 3486.4411 M
4.848 0.34377800 0.42562043 0.02382180 3478.8426 M
22.654 1.05901000 1.04693580 1.22223000 5936.5014 G
12.117 0.73613000 0.78264284 0.34224800 4994.6584 K
27.517 1.61729000 1.46902884 5.37970000 7258.9987 F
18.209 0.94301900 0.95414934 0.81437000 5618.2315 G
27.732 1.74446000 1.56073372 7.01160000 7524.7529 A
9.544 0.75139900 0.79560314 0.36774600 5043.6055 K
9.579 0.88106300 0.90366107 0.64198500 5439.7733 G
9.292 0.95574700 0.96443809 0.85349300 5654.1221 G
17.741 0.91202200 0.92897548 0.72446600 5529.7404 G
3.375 0.21788800 0.29551984 0.00482858 2801.3276 M
11.120 1.46819000 1.35964587 3.83474000 6933.0358 F
9.178 0.64475400 0.70390692 0.21521800 4689.9088 K
12.697 0.97994300 0.98392196 0.93154300 5721.6695 G
14.953 1.53107000 1.40603470 4.44102000 7072.5338 F
22.351 1.12191000 1.09639341 1.49572000 6101.4314 G
17.961 1.58736000 1.44723929 5.03927000 7194.8891 F
8.611 1.07654000 1.06077710 1.29453000 5982.9907 G
17.565 1.02940000 1.02345165 1.10675000 5857.0790 G
17.100 0.94336800 0.95443183 0.81542400 5619.2167 G
7.528 0.32110200 0.40300869 0.01876080 3367.8908 M
4.616 0.22720800 0.30558983 0.00559095 2857.6190 M
9.183 1.11877000 1.09393785 1.48114000 6093.3352 G
20.295 1.51507000 1.39426768 4.28068000 7037.3229 F
18.177 1.37289000 1.28857171 3.03194000 6715.4980 F
17.538 1.25872000 1.20210750 2.23746000 6444.2078 F
10.985 0.72753200 0.77532124 0.32846000 4966.8626 K
8.505 0.95344800 0.96258172 0.84633000 5647.6594 G
20.909 1.00737000 1.00589167 1.02605000 5797.2081 G
17.910 1.37545000 1.29049357 3.05177000 6721.4411 F
15.694 0.78525300 0.82415270 0.42907500 5150.2917 K
18.796 1.65996000 1.49995455 5.89304000 7349.3371 F
5.435 0.37640700 0.45764229 0.03271900 3631.9453 M
11.396 1.90407000 1.67396483 9.52555000 7844.2553 A
10.078 0.72062200 0.76942450 0.31767000 4944.3979 K
20.719 1.03246000 1.02588478 1.11830000 5865.3327 G
11.841 0.74957400 0.79405688 0.36462900 5037.7819 K
17.439 0.95441100 0.96335942 0.84932400 5650.3655 G
1.301 0.13680100 0.20364391 0.00094693 2245.6698 M
13.243 0.68167200 0.73597043 0.26152500 4815.6009 K
15.658 1.39878000 1.30797527 3.23685000 6775.3736 F
15.887 1.97192000 1.72151747 10.76740000 7975.8020 A
23.369 1.47782000 1.36677565 3.92347000 6954.5869 F
6.733 0.88168800 0.90417385 0.64357900 5441.6031 G
11.375 0.82845200 0.86022861 0.51753100 5282.9867 K
5.882 0.64530400 0.70438725 0.21586200 4691.8128 K
19.355 1.40800000 1.31486790 3.31216000 6796.5596 F
25.300 1.56406000 1.43021961 4.78507000 7144.5204 F
14.688 1.01324000 1.01057805 1.04712000 5813.2172 G
21.807 1.00032000 1.00025599 1.00113000 5777.8918 G
5.917 0.36134700 0.44293456 0.02836180 3562.1814 M
17.392 1.42918000 1.33066748 3.48982000 6844.9196 F
11.819 1.23362000 1.18289207 2.08514000 6382.8349 F
15.259 0.95485900 0.96372116 0.85072100 5651.6266 G
15.832 1.38460000 1.29735689 3.12347000 6742.6710 F
11.178 1.36947000 1.28600311 3.00559000 6707.5481 F
21.480 1.91758000 1.68345997 9.76417000 7870.6356 A
14.370 0.77930400 0.81915394 0.41780500 5131.7207 K
17.942 0.92356800 0.93837213 0.75708000 5562.8873 G
24.301 1.05318000 1.04232243 1.19884000 5920.9533 G
13.619 0.60907000 0.67256423 0.17633400 4564.7763 K
22.658 1.44453000 1.34208880 3.62281000 6879.7575 F
14.131 1.03410000 1.02718822 1.12453000 5869.7569 G
12.908 1.01253000 1.01001150 1.04453000 5811.2484 G
6.474 0.34357200 0.42541638 0.02377180 3477.8495 M
12.177 1.10047000 1.07959923 1.39805000 6045.7719 G
4.306 0.27947300 0.36063833 0.01153950 3152.9216 M
9.920 0.80982100 0.84471699 0.47792800 5226.2162 K
16.796 0.85618300 0.88318825 0.58074300 5366.2602 K
15.084 1.23971000 1.18756143 2.12139000 6397.7823 F
18.294 0.87110200 0.89547859 0.61693700 5410.4697 G
5.615 0.22629600 0.30460814 0.00551278 2852.1626 M
5.950 0.59036300 0.65598711 0.15809500 4497.6354 K
8.786 0.80969000 0.84460767 0.47765600 5225.8106 K
17.064 1.50687000 1.38822746 4.20016000 7019.2145 F
12.793 0.77641500 0.81672365 0.41240900 5122.6754 K
7.715 0.54650800 0.61670464 0.12066700 4335.7166 K
4.550 0.32206100 0.40397130 0.01895770 3372.6675 M
4.550 0.31268300 0.39453307 0.01709480 3325.6510 M
23.252 1.63084000 1.47886688 5.53913000 7287.8297 F
10.087 0.69311700 0.74583926 0.27721900 4853.8404 K
21.231 1.55206000 1.42143435 4.65782000 7118.4369 F
22.836 1.70111000 1.52962833 6.42042000 7435.3303 A
22.734 1.23379000 1.18302248 2.08613000 6383.2406 F
17.125 1.33868000 1.26281991 2.77570000 6635.5173 F
15.605 1.21470000 1.16835609 1.97535000 6336.1547 G
7.728 0.40176300 0.48214309 0.04110490 3746.1727 M
5.083 0.88314700 0.90537062 0.64731600 5445.8823 G
17.204 1.02615000 1.02086586 1.09454000 5848.2501 G
15.739 1.22102000 1.17321666 2.01153000 6351.7718 F
11.095 0.74546600 0.79057354 0.35768200 5024.6464 K
17.753 1.17832000 1.14027762 1.77592000 6245.2944 G
22.848 1.52332000 1.40033813 4.36286000 7055.5152 F
3.522 0.28489500 0.36622489 0.01234240 3181.8400 M
3.523 0.25927400 0.33963088 0.00887472 3042.5480 M
2.975 0.17966400 0.25326131 0.00245817 2556.0593 M
21.351 1.13258000 1.10472736 1.54609000 6128.9137 G
5.912 0.34281700 0.42466834 0.02358950 3474.2184 M
19.886 0.96800700 0.97432265 0.89243100 5688.4590 G
15.610 0.89347300 0.91382944 0.67419400 5476.0325 G
14.959 1.18657000 1.14666007 1.81980000 6266.0079 G
15.525 1.86157000 1.64400637 8.80199000 7760.6096 A
5.772 0.79049200 0.82854859 0.43917900 5166.5872 K
25.347 1.33982000 1.26368015 2.78398000 6638.1997 F
18.439 1.53440000 1.40848061 4.47490000 7079.8290 F
21.152 1.14123000 1.11147204 1.58784000 6151.1282 G
21.153 1.06851000 1.05444243 1.26104000 5961.7416 G
20.900 1.44660000 1.34362714 3.64102000 6884.4421 F
27.431 1.52462000 1.40129409 4.37592000 7058.3805 F
14.107 0.93015900 0.94372564 0.77615700 5581.7051 G
13.376 1.66804000 1.50579264 5.99403000 7366.3019 F
16.014 1.06141000 1.04883347 1.23194000 5942.8735 G
19.017 1.02234000 1.01783243 1.08039000 5837.9365 G
17.915 1.01624000 1.01297104 1.05799000 5821.3571 G
23.940 1.49717000 1.38107382 4.10624000 6997.6949 F
6.096 1.08522000 1.06761393 1.33140000 6005.8211 G
6.016 0.69356900 0.74622834 0.27785200 4855.3426 K
6.161 0.45806700 0.53547994 0.06505040 3986.9727 M
8.799 0.77497400 0.81551078 0.40973600 5118.1563 K
17.465 1.04148000 1.03304859 1.15286000 5889.6046 G
25.985 1.20975000 1.16454562 1.94729000 6323.8531 G
19.309 0.93420800 0.94701066 0.78804700 5593.2337 G
14.677 0.85235500 0.88002784 0.57170500 5354.8482 K
20.899 1.00764000 1.00610734 1.02698000 5797.8998 G
23.775 1.75127000 1.56560603 7.10778000 7538.6680 A
14.355 1.89916000 1.67051063 9.43981000 7834.6312 A
14.245 1.45873000 1.35263285 3.74894000 6911.7739 F
7.041 0.45032000 0.52822261 0.06128070 3954.8025 M
3.497 0.55809600 0.62714379 0.12986200 4379.1450 K
3.495 0.50087600 0.57515404 0.08893130 4159.8143 K
3.971 0.48141500 0.55720588 0.07741390 4082.2468 M
9.272 1.12108000 1.09574446 1.49187000 6099.3067 G
4.965 0.38564900 0.46660971 0.03561830 3674.0392 M
18.128 1.04757000 1.03787832 1.17662000 5905.9287 G
13.628 1.97657000 1.72476432 10.85650000 7984.7247 A
15.561 1.06604000 1.05249199 1.25087000 5955.1953 G
27.128 1.46210000 1.35513219 3.77938000 6919.3720 F
27.061 1.63103000 1.47900472 5.54132000 7288.2103 F
3.639 0.65006600 0.70854259 0.22148900 4708.2274 K
11.797 1.43958000 1.33840837 3.57953000 6868.5418 F
18.353 1.36600000 1.28339564 2.97901000 6699.4643 F
22.376 1.10636000 1.08421940 1.42442000 6061.1258 G
20.454 1.34354000 1.26648625 2.81108000 6646.9196 F
22.945 1.44138000 1.33974700 3.59519000 6872.6058 F
8.899 0.44101700 0.51947454 0.05696300 3915.7815 M
16.026 1.53776000 1.41094748 4.50934000 7087.2082 F
4.676 0.28551200 0.36685927 0.01243620 3185.1108 M
7.608 0.62659800 0.68800438 0.19474300 4626.7095 K
6.868 0.44944500 0.52740136 0.06086520 3951.1545 M
15.468 1.10409000 1.08243937 1.41420000 6055.1971 G
3.287 0.39961300 0.48007787 0.04034020 3736.6381 M
27.647 1.33383000 1.25915845 2.74066000 6624.0860 F
20.550 1.24103000 1.18857290 2.12931000 6401.0199 F
20.460 1.21332000 1.16729409 1.96747000 6332.7050 G
16.877 0.84910600 0.87734323 0.56411400 5345.1429 K
22.841 1.02447000 1.01952856 1.08830000 5843.7258 G
13.433 1.41701000 1.32159483 3.38693000 6817.1799 F
5.905 0.35379800 0.43551618 0.02634180 3526.6437 M
10.908 0.76322000 0.80560062 0.38839600 5081.1400 K
