wrr,mass,radius
# wrr: WATER-TO-ROCK RATIO
# mass: MASS (Earth mass)
# radius: RADIUS (Earth radius)
#
1.00000E-04,1.00000E-01,6.65295E-01
1.00000E-04,1.50000E-01,7.26968E-01
1.00000E-04,2.00000E-01,7.73228E-01
1.00000E-04,2.50000E-01,8.12926E-01
1.00000E-04,3.00000E-01,8.47439E-01
1.00000E-04,3.50000E-01,8.78967E-01
1.00000E-04,4.00000E-01,9.07523E-01
1.00000E-04,4.50000E-01,9.33566E-01
1.00000E-04,5.00000E-01,9.58015E-01
1.00000E-04,5.50000E-01,9.80627E-01
1.00000E-04,6.00000E-01,1.00194E+00
1.00000E-04,6.50000E-01,1.02213E+00
1.00000E-04,7.00000E-01,1.04128E+00
1.00000E-04,7.50000E-01,1.05937E+00
1.00000E-04,8.00000E-01,1.07673E+00
1.00000E-04,8.50000E-01,1.09331E+00
1.00000E-04,9.00000E-01,1.10923E+00
1.00000E-04,9.50000E-01,1.12457E+00
1.00000E-04,1.00000E+00,1.13935E+00
1.00000E-04,1.05000E+00,1.15350E+00
1.00000E-04,1.10000E+00,1.16725E+00
1.00000E-04,1.15000E+00,1.18065E+00
1.00000E-04,1.20000E+00,1.19338E+00
1.00000E-04,1.25000E+00,1.20585E+00
1.00000E-04,1.30000E+00,1.21790E+00
1.00000E-04,1.35000E+00,1.22971E+00
1.00000E-04,1.40000E+00,1.24136E+00
1.00000E-04,1.45000E+00,1.25260E+00
1.00000E-04,1.50000E+00,1.26368E+00
1.00000E-04,1.55000E+00,1.27401E+00
1.00000E-04,1.60000E+00,1.28399E+00
1.00000E-04,1.65000E+00,1.29412E+00
1.00000E-04,1.70000E+00,1.30442E+00
1.00000E-04,1.75000E+00,1.31450E+00
1.00000E-04,1.80000E+00,1.32362E+00
1.00000E-04,1.85000E+00,1.33274E+00
1.00000E-04,1.90000E+00,1.34171E+00
1.00000E-04,1.95000E+00,1.35061E+00
1.00000E-04,2.00000E+00,1.35950E+00
1.00000E-04,2.05000E+00,1.36814E+00
1.00000E-03,1.00000E-01,8.20581E-01
1.00000E-03,1.50000E-01,8.47118E-01
1.00000E-03,2.00000E-01,8.79333E-01
1.00000E-03,2.50000E-01,9.07044E-01
1.00000E-03,3.00000E-01,9.33069E-01
1.00000E-03,3.50000E-01,9.58194E-01
1.00000E-03,4.00000E-01,9.81702E-01
1.00000E-03,4.50000E-01,1.00360E+00
1.00000E-03,5.00000E-01,1.02456E+00
1.00000E-03,5.50000E-01,1.04425E+00
1.00000E-03,6.00000E-01,1.06300E+00
1.00000E-03,6.50000E-01,1.08094E+00
1.00000E-03,7.00000E-01,1.09809E+00
1.00000E-03,7.50000E-01,1.11439E+00
1.00000E-03,8.00000E-01,1.13015E+00
1.00000E-03,8.50000E-01,1.14528E+00
1.00000E-03,9.00000E-01,1.15988E+00
1.00000E-03,9.50000E-01,1.17398E+00
1.00000E-03,1.00000E+00,1.18760E+00
1.00000E-03,1.05000E+00,1.20073E+00
1.00000E-03,1.10000E+00,1.21350E+00
1.00000E-03,1.15000E+00,1.22598E+00
1.00000E-03,1.20000E+00,1.23785E+00
1.00000E-03,1.25000E+00,1.24952E+00
1.00000E-03,1.30000E+00,1.26080E+00
1.00000E-03,1.35000E+00,1.27190E+00
1.00000E-03,1.40000E+00,1.28287E+00
1.00000E-03,1.45000E+00,1.29349E+00
1.00000E-03,1.50000E+00,1.30396E+00
1.00000E-03,1.55000E+00,1.31373E+00
1.00000E-03,1.60000E+00,1.32312E+00
1.00000E-03,1.65000E+00,1.33271E+00
1.00000E-03,1.70000E+00,1.34251E+00
1.00000E-03,1.75000E+00,1.35214E+00
1.00000E-03,1.80000E+00,1.36079E+00
1.00000E-03,1.85000E+00,1.36944E+00
1.00000E-03,1.90000E+00,1.37798E+00
1.00000E-03,1.95000E+00,1.38647E+00
1.00000E-03,2.00000E+00,1.39495E+00
1.00000E-03,2.05000E+00,1.40323E+00
5.00000E-03,1.00000E-01,1.01782E+00
5.00000E-03,1.50000E-01,9.84810E-01
5.00000E-03,2.00000E-01,9.85466E-01
5.00000E-03,2.50000E-01,9.97415E-01
5.00000E-03,3.00000E-01,1.01306E+00
5.00000E-03,3.50000E-01,1.03073E+00
5.00000E-03,4.00000E-01,1.04859E+00
5.00000E-03,4.50000E-01,1.06600E+00
5.00000E-03,5.00000E-01,1.08329E+00
5.00000E-03,5.50000E-01,1.10000E+00
5.00000E-03,6.00000E-01,1.11618E+00
5.00000E-03,6.50000E-01,1.13191E+00
5.00000E-03,7.00000E-01,1.14713E+00
5.00000E-03,7.50000E-01,1.16175E+00
5.00000E-03,8.00000E-01,1.17601E+00
5.00000E-03,8.50000E-01,1.18981E+00
5.00000E-03,9.00000E-01,1.20321E+00
5.00000E-03,9.50000E-01,1.21624E+00
5.00000E-03,1.00000E+00,1.22883E+00
5.00000E-03,1.05000E+00,1.24107E+00
5.00000E-03,1.10000E+00,1.25303E+00
5.00000E-03,1.15000E+00,1.26469E+00
5.00000E-03,1.20000E+00,1.27589E+00
5.00000E-03,1.25000E+00,1.28692E+00
5.00000E-03,1.30000E+00,1.29755E+00
5.00000E-03,1.35000E+00,1.30807E+00
5.00000E-03,1.40000E+00,1.31848E+00
5.00000E-03,1.45000E+00,1.32863E+00
5.00000E-03,1.50000E+00,1.33860E+00
5.00000E-03,1.55000E+00,1.34802E+00
5.00000E-03,1.60000E+00,1.35696E+00
5.00000E-03,1.65000E+00,1.36606E+00
5.00000E-03,1.70000E+00,1.37548E+00
5.00000E-03,1.75000E+00,1.38490E+00
5.00000E-03,1.80000E+00,1.39319E+00
5.00000E-03,1.85000E+00,1.40148E+00
5.00000E-03,1.90000E+00,1.40972E+00
5.00000E-03,1.95000E+00,1.41789E+00
5.00000E-03,2.00000E+00,1.42606E+00
5.00000E-03,2.05000E+00,1.43410E+00
1.00000E-02,1.00000E-01,1.14001E+00
1.00000E-02,1.50000E-01,1.06227E+00
1.00000E-02,2.00000E-01,1.04459E+00
1.00000E-02,2.50000E-01,1.04655E+00
1.00000E-02,3.00000E-01,1.05598E+00
1.00000E-02,3.50000E-01,1.06932E+00
1.00000E-02,4.00000E-01,1.08405E+00
1.00000E-02,4.50000E-01,1.09904E+00
1.00000E-02,5.00000E-01,1.11441E+00
1.00000E-02,5.50000E-01,1.12960E+00
1.00000E-02,6.00000E-01,1.14449E+00
1.00000E-02,6.50000E-01,1.15913E+00
1.00000E-02,7.00000E-01,1.17345E+00
1.00000E-02,7.50000E-01,1.18729E+00
1.00000E-02,8.00000E-01,1.20085E+00
1.00000E-02,8.50000E-01,1.21406E+00
1.00000E-02,9.00000E-01,1.22693E+00
1.00000E-02,9.50000E-01,1.23950E+00
1.00000E-02,1.00000E+00,1.25162E+00
1.00000E-02,1.05000E+00,1.26348E+00
1.00000E-02,1.10000E+00,1.27511E+00
1.00000E-02,1.15000E+00,1.28642E+00
1.00000E-02,1.20000E+00,1.29736E+00
1.00000E-02,1.25000E+00,1.30814E+00
1.00000E-02,1.30000E+00,1.31851E+00
1.00000E-02,1.35000E+00,1.32880E+00
1.00000E-02,1.40000E+00,1.33897E+00
1.00000E-02,1.45000E+00,1.34895E+00
1.00000E-02,1.50000E+00,1.35870E+00
1.00000E-02,1.55000E+00,1.36807E+00
1.00000E-02,1.60000E+00,1.37681E+00
1.00000E-02,1.65000E+00,1.38564E+00
1.00000E-02,1.70000E+00,1.39490E+00
1.00000E-02,1.75000E+00,1.40415E+00
1.00000E-02,1.80000E+00,1.41248E+00
1.00000E-02,1.85000E+00,1.42062E+00
1.00000E-02,1.90000E+00,1.42873E+00
1.00000E-02,1.95000E+00,1.43677E+00
1.00000E-02,2.00000E+00,1.44481E+00
1.00000E-02,2.05000E+00,1.45275E+00
2.00000E-02,1.00000E-01,1.30630E+00
2.00000E-02,1.50000E-01,1.16028E+00
2.00000E-02,2.00000E-01,1.11751E+00
2.00000E-02,2.50000E-01,1.10659E+00
2.00000E-02,3.00000E-01,1.10828E+00
2.00000E-02,3.50000E-01,1.11653E+00
2.00000E-02,4.00000E-01,1.12760E+00
2.00000E-02,4.50000E-01,1.13981E+00
2.00000E-02,5.00000E-01,1.15304E+00
2.00000E-02,5.50000E-01,1.16653E+00
2.00000E-02,6.00000E-01,1.18005E+00
2.00000E-02,6.50000E-01,1.19351E+00
2.00000E-02,7.00000E-01,1.20683E+00
2.00000E-02,7.50000E-01,1.21983E+00
2.00000E-02,8.00000E-01,1.23261E+00
2.00000E-02,8.50000E-01,1.24518E+00
2.00000E-02,9.00000E-01,1.25747E+00
2.00000E-02,9.50000E-01,1.26953E+00
2.00000E-02,1.00000E+00,1.28115E+00
2.00000E-02,1.05000E+00,1.29280E+00
2.00000E-02,1.10000E+00,1.30450E+00
2.00000E-02,1.15000E+00,1.31627E+00
2.00000E-02,1.20000E+00,1.32728E+00
2.00000E-02,1.25000E+00,1.33770E+00
2.00000E-02,1.30000E+00,1.34773E+00
2.00000E-02,1.35000E+00,1.35770E+00
2.00000E-02,1.40000E+00,1.36752E+00
2.00000E-02,1.45000E+00,1.37728E+00
2.00000E-02,1.50000E+00,1.38672E+00
2.00000E-02,1.55000E+00,1.39608E+00
2.00000E-02,1.60000E+00,1.40453E+00
2.00000E-02,1.65000E+00,1.41299E+00
2.00000E-02,1.70000E+00,1.42190E+00
2.00000E-02,1.75000E+00,1.43089E+00
2.00000E-02,1.80000E+00,1.43934E+00
2.00000E-02,1.85000E+00,1.44723E+00
2.00000E-02,1.90000E+00,1.45512E+00
2.00000E-02,1.95000E+00,1.46294E+00
2.00000E-02,2.00000E+00,1.47074E+00
2.00000E-02,2.05000E+00,1.47852E+00
3.00000E-02,1.00000E-01,1.43722E+00
3.00000E-02,1.50000E-01,1.23273E+00
3.00000E-02,2.00000E-01,1.17060E+00
3.00000E-02,2.50000E-01,1.15014E+00
3.00000E-02,3.00000E-01,1.14630E+00
3.00000E-02,3.50000E-01,1.15097E+00
3.00000E-02,4.00000E-01,1.15947E+00
3.00000E-02,4.50000E-01,1.16971E+00
3.00000E-02,5.00000E-01,1.18146E+00
3.00000E-02,5.50000E-01,1.19371E+00
3.00000E-02,6.00000E-01,1.20625E+00
3.00000E-02,6.50000E-01,1.21886E+00
3.00000E-02,7.00000E-01,1.23191E+00
3.00000E-02,7.50000E-01,1.24555E+00
3.00000E-02,8.00000E-01,1.25863E+00
3.00000E-02,8.50000E-01,1.27063E+00
3.00000E-02,9.00000E-01,1.28237E+00
3.00000E-02,9.50000E-01,1.29390E+00
3.00000E-02,1.00000E+00,1.30510E+00
3.00000E-02,1.05000E+00,1.31612E+00
3.00000E-02,1.10000E+00,1.32701E+00
3.00000E-02,1.15000E+00,1.33753E+00
3.00000E-02,1.20000E+00,1.34788E+00
3.00000E-02,1.25000E+00,1.35796E+00
3.00000E-02,1.30000E+00,1.36778E+00
3.00000E-02,1.35000E+00,1.37745E+00
3.00000E-02,1.40000E+00,1.38701E+00
3.00000E-02,1.45000E+00,1.39653E+00
3.00000E-02,1.50000E+00,1.40574E+00
3.00000E-02,1.55000E+00,1.41490E+00
3.00000E-02,1.60000E+00,1.42331E+00
3.00000E-02,1.65000E+00,1.43150E+00
3.00000E-02,1.70000E+00,1.43999E+00
3.00000E-02,1.75000E+00,1.44873E+00
3.00000E-02,1.80000E+00,1.45733E+00
3.00000E-02,1.85000E+00,1.46499E+00
3.00000E-02,1.90000E+00,1.47265E+00
3.00000E-02,1.95000E+00,1.48027E+00
3.00000E-02,2.00000E+00,1.48786E+00
3.00000E-02,2.05000E+00,1.49544E+00
4.00000E-02,1.00000E-01,1.55395E+00
4.00000E-02,1.50000E-01,1.29463E+00
4.00000E-02,2.00000E-01,1.21544E+00
4.00000E-02,2.50000E-01,1.18685E+00
4.00000E-02,3.00000E-01,1.17826E+00
4.00000E-02,3.50000E-01,1.17990E+00
4.00000E-02,4.00000E-01,1.18618E+00
4.00000E-02,4.50000E-01,1.19479E+00
4.00000E-02,5.00000E-01,1.20525E+00
4.00000E-02,5.50000E-01,1.21817E+00
4.00000E-02,6.00000E-01,1.23142E+00
4.00000E-02,6.50000E-01,1.24310E+00
4.00000E-02,7.00000E-01,1.25491E+00
4.00000E-02,7.50000E-01,1.26661E+00
4.00000E-02,8.00000E-01,1.27816E+00
4.00000E-02,8.50000E-01,1.28970E+00
4.00000E-02,9.00000E-01,1.30098E+00
4.00000E-02,9.50000E-01,1.31209E+00
4.00000E-02,1.00000E+00,1.32295E+00
4.00000E-02,1.05000E+00,1.33361E+00
4.00000E-02,1.10000E+00,1.34411E+00
4.00000E-02,1.15000E+00,1.35435E+00
4.00000E-02,1.20000E+00,1.36444E+00
4.00000E-02,1.25000E+00,1.37419E+00
4.00000E-02,1.30000E+00,1.38379E+00
4.00000E-02,1.35000E+00,1.39315E+00
4.00000E-02,1.40000E+00,1.40245E+00
4.00000E-02,1.45000E+00,1.41168E+00
4.00000E-02,1.50000E+00,1.42071E+00
4.00000E-02,1.55000E+00,1.42959E+00
4.00000E-02,1.60000E+00,1.43803E+00
4.00000E-02,1.65000E+00,1.44597E+00
4.00000E-02,1.70000E+00,1.45401E+00
4.00000E-02,1.75000E+00,1.46251E+00
4.00000E-02,1.80000E+00,1.47101E+00
4.00000E-02,1.85000E+00,1.47867E+00
4.00000E-02,1.90000E+00,1.48610E+00
4.00000E-02,1.95000E+00,1.49351E+00
4.00000E-02,2.00000E+00,1.50089E+00
4.00000E-02,2.05000E+00,1.50826E+00
5.00000E-02,1.00000E-01,1.66440E+00
5.00000E-02,1.50000E-01,1.35127E+00
5.00000E-02,2.00000E-01,1.25582E+00
5.00000E-02,2.50000E-01,1.21969E+00
5.00000E-02,3.00000E-01,1.20689E+00
5.00000E-02,3.50000E-01,1.20558E+00
5.00000E-02,4.00000E-01,1.20990E+00
5.00000E-02,4.50000E-01,1.21962E+00
5.00000E-02,5.00000E-01,1.23023E+00
5.00000E-02,5.50000E-01,1.24023E+00
5.00000E-02,6.00000E-01,1.25080E+00
5.00000E-02,6.50000E-01,1.26172E+00
5.00000E-02,7.00000E-01,1.27290E+00
5.00000E-02,7.50000E-01,1.28404E+00
5.00000E-02,8.00000E-01,1.29504E+00
5.00000E-02,8.50000E-01,1.30611E+00
5.00000E-02,9.00000E-01,1.31694E+00
5.00000E-02,9.50000E-01,1.32764E+00
5.00000E-02,1.00000E+00,1.33815E+00
5.00000E-02,1.05000E+00,1.34844E+00
5.00000E-02,1.10000E+00,1.35859E+00
5.00000E-02,1.15000E+00,1.36855E+00
5.00000E-02,1.20000E+00,1.37833E+00
5.00000E-02,1.25000E+00,1.38780E+00
5.00000E-02,1.30000E+00,1.39717E+00
5.00000E-02,1.35000E+00,1.40622E+00
5.00000E-02,1.40000E+00,1.41524E+00
5.00000E-02,1.45000E+00,1.42419E+00
5.00000E-02,1.50000E+00,1.43303E+00
5.00000E-02,1.55000E+00,1.44165E+00
5.00000E-02,1.60000E+00,1.45012E+00
5.00000E-02,1.65000E+00,1.45781E+00
5.00000E-02,1.70000E+00,1.46550E+00
5.00000E-02,1.75000E+00,1.47370E+00
5.00000E-02,1.80000E+00,1.48198E+00
5.00000E-02,1.85000E+00,1.48980E+00
5.00000E-02,1.90000E+00,1.49703E+00
5.00000E-02,1.95000E+00,1.50426E+00
5.00000E-02,2.00000E+00,1.51145E+00
5.00000E-02,2.05000E+00,1.51864E+00